    1
  105
  111
  117
  160
  204
  234
  236
  263
  298
  336
  337
  340
  371
  382
  391
  392
  396
  400
  408
  435
  450
  460
  502
  537
  595
  628
  646
  652
  672
  677
  690
  691
  692
  693
  694
  695
  696
  697
  698
  699
  727
  740
  742
  757
  765
  777
  787
  790
  791
  806
  811
  820
  821
  822
  823
  824
  832
  834
  837
  854
  856
  870
  871
  893
  899
  900
  901
  902
  903
  904
  905
  906
  907
  908
  909
  924
  997
  998
 5034
 5041
 5043
 5049
 5055
 5058
 5061
 5069
 5075
 5077
 5078
 5084
 5087
 5089
 5093
 5094
 5097
 5101
 5118
 5128
 5129
 5135
 5152
 5153
 5154
 5155
 5156
 5158
 5162
 5164
 5167
 5176
 5189
 5195
 5196
 5228
 5232
 5235
 5236
 5241
 5244
 5245
 5250
 5254
 5262
 5264
 5266
 5267
 5288
 5295
 5299
 5315
 5361
 5367
 5379
 5387
 5388
 5396
 5407
 5410
 5412
 5416
 5418
 5420
 5421
 5422
 5428
 5429
 5437
 5438
 5449
 5450
 5552
 5562
 5569
 5570
 5573
 5575
 5578
 5587
 5592
 5600
 5609
 5610
 9666
 9694
